3041563 42.50779 1.52109
3041563 42.50779 1.52109
292968 24.46667 54.36667
292968 24.46667 54.36667
1138958 34.52813 69.17233
1138958 34.52813 69.17233
3576022 17.11667 -61.85000
3573374 18.21704 -63.05783
3573374 18.21704 -63.05783
3183875 41.32750 19.81889
3183875 41.32750 19.81889
616052 40.18111 44.51361
616052 40.18111 44.51361
2240449 -8.83682 13.23432
2240449 -8.83682 13.23432
3435910 -34.61315 -58.37723
3435910 -34.61315 -58.37723
5881576 -14.27806 -170.70250
5881576 -14.27806 -170.70250
2761369 48.20849 16.37208
2761369 48.20849 16.37208
2172517 -35.28346 149.12807
3577154 12.52398 -70.02703
3577154 12.52398 -70.02703
3041732 60.09726 19.93481
3041732 60.09726 19.93481
3041732 60.09726 19.93481
587084 40.37767 49.89201
587084 40.37767 49.89201
3191281 43.84864 18.35644
3191281 43.84864 18.35644
3374036 13.10000 -59.61667
3374036 13.10000 -59.61667
1185241 23.71040 90.40744
1185241 23.71040 90.40744
2800866 50.85045 4.34878
2800866 50.85045 4.34878
2357048 12.36423 -1.53834
2357048 12.36423 -1.53834
727011 42.69751 23.32415
727011 42.69751 23.32415
290340 26.21536 50.58320
290340 26.21536 50.58320
425378 -3.38220 29.36440
425378 -3.38220 29.36440
425378 -3.38220 29.36440
2392087 6.49646 2.60359
2392087 6.49646 2.60359
2392087 6.49646 2.60359
3579132 17.89618 -62.84978
3579132 17.89618 -62.84978
3573197 32.29149 -64.77797
3573197 32.29149 -64.77797
3573197 32.29149 -64.77797
1820906 4.94029 114.94806
1820906 4.94029 114.94806
1820906 4.94029 114.94806
3911925 -16.50000 -68.15000
3903987 -19.03332 -65.26274
3903987 -19.03332 -65.26274
3911925 -16.50000 -68.15000
3469058 -15.77972 -47.92972
3571824 25.05823 -77.34306
3571824 25.05823 -77.34306
1252416 27.46609 89.64191
1252416 27.46609 89.64191
933773 -24.65451 25.90859
933773 -24.65451 25.90859
625144 53.90000 27.56667
625144 53.90000 27.56667
3582672 17.25000 -88.76667
3582672 17.25000 -88.76667
6094817 45.41117 -75.69812
6094817 45.41117 -75.69812
7304591 -12.15681 96.82251
2314302 -4.32459 15.32146
2314302 -4.32459 15.32146
2389853 4.36122 18.55496
2389853 4.36122 18.55496
2389853 4.36122 18.55496
2260535 -4.26583 15.28318
2260535 -4.26583 15.28318
2260535 -4.26583 15.28318
2661552 46.94809 7.44744
2661552 46.94809 7.44744
4035715 -21.20778 -159.77500
4035715 -21.20778 -159.77500
3871336 -33.45694 -70.64827
3871336 -33.45694 -70.64827
2220957 3.86667 11.51667
2220957 3.86667 11.51667
1816670 39.90750 116.39723
1816670 39.90750 116.39723
3688689 4.60971 -74.08175
3688689 4.60971 -74.08175
3621849 9.93333 -84.08333
3621849 9.93333 -84.08333
3553478 23.13302 -82.38304
3553478 23.13302 -82.38304
3374333 14.92148 -23.50868
3374333 14.92148 -23.50868
3374333 14.92148 -23.50868
3513090 12.10840 -68.93354
3513090 12.10840 -68.93354
2078127 -10.42172 105.67912
2078127 -10.42172 105.67912
146268 35.16667 33.36667
146268 35.16667 33.36667
3067696 50.08804 14.42076
3067696 50.08804 14.42076
2950159 52.52437 13.41053
2950159 52.52437 13.41053
223817 11.58767 43.14468
223817 11.58767 43.14468
2618425 55.67594 12.56553
2618425 55.67594 12.56553
3575635 15.30174 -61.38808
3575635 15.30174 -61.38808
3492908 18.50012 -69.98857
3492908 18.50012 -69.98857
2507480 36.75250 3.04197
2507480 36.75250 3.04197
3652462 -0.22985 -78.52495
3652462 -0.22985 -78.52495
588409 59.43696 24.75353
588409 59.43696 24.75353
360630 30.06263 31.24967
360630 30.06263 31.24967
2462881 27.16224 -13.20315
2462881 27.16224 -13.20315
343300 15.33333 38.93333
343300 15.33333 38.93333
343300 15.33333 38.93333
3117735 40.41650 -3.70256
3117735 40.41650 -3.70256
344979 9.02497 38.74689
344979 9.02497 38.74689
658225 60.16952 24.93545
658225 60.16952 24.93545
658225 60.16952 24.93545
3426691 -51.70000 -57.85000
3426691 -51.70000 -57.85000
2081986 6.92477 158.16109
2081986 6.92477 158.16109
2611396 62.00973 -6.77164
2611396 62.00973 -6.77164
2611396 62.00973 -6.77164
2988507 48.85341 2.34880
2988507 48.85341 2.34880
2399697 0.39250 9.45365
2399697 0.39250 9.45365
2643743 51.50853 -0.12574
2643743 51.50853 -0.12574
3579925 12.05644 -61.74849
611717 41.69411 44.83368
611717 41.69411 44.83368
3382160 4.93333 -52.33333
3382160 4.93333 -52.33333
3382160 4.93333 -52.33333
3042287 49.45981 -2.53527
2306104 5.55602 -0.19690
2306104 5.55602 -0.19690
2306104 5.55602 -0.19690
2411585 36.14474 -5.35257
2411585 36.14474 -5.35257
3421319 64.18347 -51.72157
3421319 64.18347 -51.72157
2413876 13.45274 -16.57803
2413876 13.45274 -16.57803
2413876 13.45274 -16.57803
2422465 9.53795 -13.67729
2422465 9.53795 -13.67729
3579732 15.99854 -61.72548
2309527 3.75000 8.78333
2309527 3.75000 8.78333
2309527 3.75000 8.78333
264371 37.97945 23.71622
264371 37.97945 23.71622
3426466 -54.28111 -36.50920
3426466 -54.28111 -36.50920
3598132 14.64072 -90.51327
3598132 14.64072 -90.51327
4044012 13.47567 144.74886
2374775 11.86357 -15.59767
2374775 11.86357 -15.59767
2374775 11.86357 -15.59767
3378644 6.80448 -58.15527
3378644 6.80448 -58.15527
1819729 22.28552 114.15769
1819729 22.28552 114.15769
3600949 14.08180 -87.20681
3600949 14.08180 -87.20681
3186886 45.81444 15.97798
3186886 45.81444 15.97798
3718426 18.53917 -72.33500
3718426 18.53917 -72.33500
3054643 47.49801 19.03991
3054643 47.49801 19.03991
1642911 -6.21462 106.84513
1642911 -6.21462 106.84513
2964574 53.34399 -6.26719
2964574 53.34399 -6.26719
3042237 54.15000 -4.48333
1261481 28.63576 77.22445
98182 33.34058 44.40088
98182 33.34058 44.40088
112931 35.69439 51.42151
112931 35.69439 51.42151
3413829 64.13548 -21.89541
3413829 64.13548 -21.89541
3169070 41.89474 12.48390
3169070 41.89474 12.48390
3042091 49.18804 -2.10491
3489854 17.99702 -76.79358
3489854 17.99702 -76.79358
250441 31.95522 35.94503
1850147 35.68950 139.69171
1850147 35.68950 139.69171
184745 -1.28333 36.81667
184745 -1.28333 36.81667
1528675 42.87000 74.59000
1528675 42.87000 74.59000
1821306 11.56245 104.91601
1821306 11.56245 104.91601
2110257 1.32780 172.97696
2110257 1.32780 172.97696
2110257 1.32780 172.97696
921772 -11.70216 43.25506
921772 -11.70216 43.25506
3575551 17.29484 -62.72610
3575551 17.29484 -62.72610
1871859 39.03385 125.75432
1871859 39.03385 125.75432
1835848 37.56826 126.97783
1835848 37.56826 126.97783
285787 29.36972 47.97833
285787 29.36972 47.97833
3580661 19.28692 -81.36706
3580661 19.28692 -81.36706
1526273 51.18010 71.44598
1526273 51.18010 71.44598
1651944 17.96667 102.60000
276781 33.88894 35.49442
276781 33.88894 35.49442
3576812 13.99570 -61.00614
3042030 47.14151 9.52154
3042030 47.14151 9.52154
1248991 6.93194 79.84778
1248991 6.93194 79.84778
2274895 6.30054 -10.79690
2274895 6.30054 -10.79690
932505 -29.31667 27.48333
932505 -29.31667 27.48333
932505 -29.31667 27.48333
593116 54.68916 25.27980
593116 54.68916 25.27980
2960316 49.61167 6.13000
2960316 49.61167 6.13000
456172 56.94600 24.10589
456172 56.94600 24.10589
2210247 32.87519 13.18746
2210247 32.87519 13.18746
2538475 34.01325 -6.83255
2538475 34.01325 -6.83255
2462881 27.16224 -13.20315
2993458 43.73333 7.41667
2993458 43.73333 7.41667
618426 47.00556 28.85750
618426 47.00556 28.85750
3193044 42.44111 19.26361
3578851 18.06667 -63.08333
3578851 18.06667 -63.08333
1070940 -18.91368 47.53613
1070940 -18.91368 47.53613
2113779 7.08971 171.38027
2113779 7.08971 171.38027
2113779 7.08971 171.38027
785842 42.00000 21.43333
785842 42.00000 21.43333
785842 42.00000 21.43333
2460596 12.65000 -8.00000
2460596 12.65000 -8.00000
6611854 19.74500 96.12972
2028462 47.90771 106.88324
2028462 47.90771 106.88324
1821274 22.20056 113.54611
1821274 22.20056 113.54611
1821274 22.20056 113.54611
7828758 15.21233 145.75450
3570675 14.60892 -61.07334
3570675 14.60892 -61.07334
3570675 14.60892 -61.07334
2377450 18.08581 -15.97850
2377450 18.08581 -15.97850
2377450 18.08581 -15.97850
3578069 16.70555 -62.21292
2562305 35.89972 14.51472
934154 -20.16194 57.49889
934154 -20.16194 57.49889
1282027 4.17480 73.50888
1282027 4.17480 73.50888
1282027 4.17480 73.50888
927967 -13.96692 33.78725
927967 -13.96692 33.78725
927967 -13.96692 33.78725
3530597 19.42847 -99.12766
3530597 19.42847 -99.12766
1735161 3.14120 101.68653
1735161 3.14120 101.68653
1735161 3.14120 101.68653
1040652 -25.96528 32.58917
1040652 -25.96528 32.58917
1040652 -25.96528 32.58917
3352136 -22.55941 17.08323
3352136 -22.55941 17.08323
3352136 -22.55941 17.08323
2139521 -22.27631 166.45720
2139521 -22.27631 166.45720
2139521 -22.27631 166.45720
2440485 13.51366 2.10980
2440485 13.51366 2.10980
2440485 13.51366 2.10980
2161314 -29.05459 167.96628
2161314 -29.05459 167.96628
2352778 9.05735 7.48976
3617763 12.13282 -86.25040
3617763 12.13282 -86.25040
2759794 52.37403 4.88969
2759794 52.37403 4.88969
1283240 27.70169 85.32060
1283240 27.70169 85.32060
1283240 27.70169 85.32060
4036284 -19.05952 -169.91867
4036284 -19.05952 -169.91867
2179537 -41.28664 174.77557
2179537 -41.28664 174.77557
2179537 -41.28664 174.77557
287286 23.61387 58.59220
287286 23.61387 58.59220
3703443 8.99360 -79.51973
3703443 8.99360 -79.51973
3936456 -12.04318 -77.02824
3936456 -12.04318 -77.02824
3936456 -12.04318 -77.02824
4033936 -17.53333 -149.56667
4033936 -17.53333 -149.56667
4033936 -17.53333 -149.56667
2088122 -9.44314 147.17972
2088122 -9.44314 147.17972
1701668 14.60420 120.98220
1701668 14.60420 120.98220
1176615 33.72148 73.04329
756135 52.22977 21.01178
756135 52.22977 21.01178
3424934 46.76544 -56.16949
3424934 46.76544 -56.16949
3424934 46.76544 -56.16949
4030723 -25.06597 -130.10147
4030723 -25.06597 -130.10147
4568127 18.46633 -66.10572
4568127 18.46633 -66.10572
2267057 38.71667 -9.13333
2267057 38.71667 -9.13333
7303944 7.50043 134.62355
3439389 -25.30066 -57.63591
3439389 -25.30066 -57.63591
3439389 -25.30066 -57.63591
290030 25.27932 51.52245
290030 25.27932 51.52245
935264 -20.88231 55.45040
935264 -20.88231 55.45040
935264 -20.88231 55.45040
683506 44.43225 26.10626
683506 44.43225 26.10626
792680 44.80401 20.46513
792680 44.80401 20.46513
792680 44.80401 20.46513
524901 55.75222 37.61556
524901 55.75222 37.61556
202061 -1.94995 30.05885
202061 -1.94995 30.05885
108410 24.68773 46.72185
108410 24.68773 46.72185
2108502 -9.43333 159.95000
2108502 -9.43333 159.95000
241131 -4.61667 55.45000
241131 -4.61667 55.45000
241131 -4.61667 55.45000
379252 15.55177 32.53241
379252 15.55177 32.53241
2673730 59.33258 18.06490
2673730 59.33258 18.06490
1880252 1.28967 103.85007
1880252 1.28967 103.85007
3370903 -15.93872 -5.71675
3370903 -15.93872 -5.71675
3196359 46.05108 14.50513
3196359 46.05108 14.50513
3196359 46.05108 14.50513
3060972 48.14816 17.10674
3060972 48.14816 17.10674
2409306 8.48400 -13.22994
2409306 8.48400 -13.22994
3168070 43.93333 12.45000
3168070 43.93333 12.45000
3168070 43.93333 12.45000
2253354 14.69370 -17.44406
2253354 14.69370 -17.44406
53654 2.03711 45.34375
53654 2.03711 45.34375
3383330 5.86638 -55.16682
3383330 5.86638 -55.16682
2410763 0.33654 6.72732
2410763 0.33654 6.72732
3583361 13.68935 -89.18718
3583361 13.68935 -89.18718
3513392 18.02600 -63.04582
170654 33.51020 36.29128
170654 33.51020 36.29128
934985 -26.31667 31.13333
934985 -26.31667 31.13333
3576994 21.46122 -71.14188
3576994 21.46122 -71.14188
2427123 12.10672 15.04440
2427123 12.10672 15.04440
1546102 -49.35000 70.21667
1546102 -49.35000 70.21667
1546102 -49.35000 70.21667
2365267 6.13748 1.21227
2365267 6.13748 1.21227
1609350 13.75000 100.51667
1609350 13.75000 100.51667
1221874 38.53575 68.77905
1221874 38.53575 68.77905
1221874 38.53575 68.77905
1645457 -8.55861 125.57361
162183 37.95000 58.38333
162183 37.95000 58.38333
2464470 36.81897 10.16579
2464470 36.81897 10.16579
4032402 -21.13333 -175.20000
323786 39.91987 32.85427
323786 39.91987 32.85427
3573890 10.66617 -61.51657
3573890 10.66617 -61.51657
2110394 -8.52425 179.19417
2110394 -8.52425 179.19417
2110394 -8.52425 179.19417
1668341 25.04776 121.53185
1668341 25.04776 121.53185
160196 -6.17221 35.73947
160196 -6.17221 35.73947
703448 50.45466 30.52380
703448 50.45466 30.52380
703448 50.45466 30.52380
232422 0.31628 32.58219
232422 0.31628 32.58219
232422 0.31628 32.58219
4140963 38.89511 -77.03637
3441575 -34.83346 -56.16735
3441575 -34.83346 -56.16735
1512569 41.26465 69.21627
1512569 41.26465 69.21627
3577887 13.15872 -61.22475
3646738 10.48801 -66.87919
3646738 10.48801 -66.87919
3577430 18.41667 -64.61667
3577430 18.41667 -64.61667
4795467 18.34190 -64.93070
1581130 21.02450 105.84117
1581130 21.02450 105.84117
2135171 -17.73381 168.32188
2135171 -17.73381 168.32188
4034821 -13.28163 -176.17453
4035413 -13.83333 -171.76666
4035413 -13.83333 -171.76666
4035413 -13.83333 -171.76666
786714 42.67272 21.16688
786714 42.67272 21.16688
71137 15.35472 44.20667
71137 15.35472 44.20667
71137 15.35472 44.20667
921815 -12.77944 45.22722
921815 -12.77944 45.22722
921815 -12.77944 45.22722
964137 -25.74486 28.18783
964137 -25.74486 28.18783
909137 -15.40669 28.28713
909137 -15.40669 28.28713
890299 -17.82935 31.05389
890299 -17.82935 31.05389
890299 -17.82935 31.05389
